100
2 1
100 20
200 10
2 2
100 20
200 10
3 2
100 10
100 10
100 10
4 2
9 3
7 1
10 1
8 4
8 6
3440 361361
3731 300728
3927 374115
19322 68
11022 74
3481 380637
3281 332377
3939 305233
5 3
29698 2447
236487 37
241897 51
23543 2974
27562 2330
6 1
376725 523736
326749 258282
996602 427448
358089 217744
356216 597145
450586 404722
10 3
576263 84763
63184 773072
160200 304905
114307 427321
86523 564541
195380 250004
191847 254608
124767 391496
60212 811230
165824 294564
7 2
3684 304997
17252 3
3178 315033
3056 357000
3260 341061
13073 17
3322 359856
4 3
327911 226299
248933 298096
174033 426390
98792 751133
7 5
422504 425378
592734 585275
441046 703185
720503 460040
461193 3725
183350 609612
913412 468078
6 4
537457 983792
931614 757405
725770 77645
676668 470827
551 123685
531253 204407
6 1
31568 454862
19128 750684
162571 88325
36568 392668
82820 173377
221827 64731
8 2
220008 23
29021 2283
26273 2925
27306 2282
27173 2301
20757 2657
27055 2647
250794 78
6 4
15446 31
19017 38
3023 304078
3602 366538
3008 357186
3383 346363
7 3
222954 584050
475464 759058
685941 447046
63415 941780
241086 734746
860593 505652
796723 714578
9 2
11229 37
3612 326437
3186 388521
3746 340900
15532 6
3784 369066
3414 316001
3028 394437
3020 330402
8 4
3898 394868
3581 363451
3792 345919
3037 329297
14820 63
3760 377802
16071 97
3404 341272
2 1
29216 2998
202157 88
10 7
21980 2452
28277 2478
26353 2495
27840 2948
228596 100
23277 2450
278085 89
299831 99
21340 2877
20903 2439
6 4
496248 9009
138138 32364
9269 482328
46748 95634
355212 12586
50232 89001
7 4
382536 20683
53406 148148
133644 59202
154284 51282
12771 619528
111111 71208
11868 666666
9 2
132653 541453
200216 471146
823545 977660
832574 215063
98007 155402
585383 265583
166142 723910
325768 417998
279399 763296
10 3
3491 394140
18236 100
3386 381235
16267 54
3198 301370
3684 318454
12658 45
3985 384239
3048 393085
3038 376059
5 2
76210 654204
801635 62194
348652 142999
752500 66255
918310 54292
10 4
233045 184850
256850 167718
847966 50802
83046 518729
83859 513700
358404 120195
86952 495427
636623 67667
450375 95650
621236 69343
3 1
428386 165772
194040 547695
136862 772719
4 1
24458 2749
26278 2715
24064 2109
220867 38
8 2
26858 2060
287633 85
23642 2544
21813 2320
28147 2846
265622 49
20440 2927
21294 2349
8 3
27255 2770
29843 2831
234289 84
20536 2026
22237 2802
249662 93
25125 2541
20113 2250
5 2
917683 689789
312723 408900
222476 189731
888608 694469
970524 172690
10 5
19954 44
3685 392051
3262 317937
18529 5
19102 28
3572 383873
3167 330828
3703 390615
3886 367592
3190 359541
10 5
282028 38
27869 2198
20681 2951
26292 2062
266794 45
26150 2155
24840 2636
22010 2555
27853 2899
218599 97
4 2
849064 995237
4854 815569
615597 595243
261062 92576
7 2
23797 2868
29406 2908
208906 27
25008 2293
20414 2217
23855 2764
260003 35
7 3
600419 106359
29144 792954
735199 363559
139557 807608
500494 442175
465133 69204
343421 793627
3 2
130872 106227
54549 254856
381843 36408
10 3
3642 351560
3608 373024
3618 388512
3843 364496
3572 379367
10860 69
18311 43
3431 364448
15805 97
3116 381624
10 6
26312 235683
382536 16211
14964 414414
13717 452088
34452 179998
166023 37352
71208 87087
8932 694278
78561 78936
60372 102718
2 2
401128 30969
363636 34162
7 4
466646 527700
473722 822268
341915 721082
12046 210679
278593 466432
586447 132935
210353 214780
10 3
3686 394818
3296 307130
3747 336266
15696 95
3959 330535
3569 338828
16349 69
10313 4
3027 347438
3874 321127
8 5
55062 140244
660744 11687
54188 142506
214396 36018
38019 203112
12558 614916
717402 10764
9982 773604
9 5
134316 70818
34632 274659
205128 46371
923853 10296
12987 732424
190476 49938
10296 923853
350427 27144
637362 14924
8 4
291379 96
22863 2453
22284 2586
28795 2952
28058 2944
23228 2928
20115 2240
238573 30
4 3
11333 60
3393 300740
3377 397344
3779 355168
6 1
213360 13
20695 2006
206756 10
26884 2972
26657 2902
28304 2207
3 2
132184 132867
104377 168264
127224 138047
6 4
456228 55986
38657 660744
628488 40641
97092 263074
119567 213624
30856 827793
9 2
500949 981503
492643 747100
360171 905656
299418 311651
563565 665659
300060 895293
441648 685090
874388 627219
694284 713222
8 6
284544 26881
126824 585328
805713 718013
808969 748545
882831 258619
538726 832457
71312 442474
249043 340436
10 6
41041 113832
32472 143871
388926 12012
301444 15498
282744 16523
91512 51051
191828 24354
17589 265608
15912 293601
83538 55924
2 1
360410 271918
444268 220592
8 5
48401 553020
389153 68782
46304 578065
122782 218002
78879 339339
46460 576124
40515 660662
79125 338284
10 6
142324 31806
715806 6324
165186 27404
26676 169694
48484 93366
29512 153387
30039 150696
468027 9672
113832 39767
178296 25389
6 4
16336 771789
284758 44276
19066 661279
528635 23850
148334 84997
215160 58598
6 3
116184 559640
166511 390492
694775 93586
922771 70463
895387 72618
76005 855486
2 2
918918 2812
9828 262922
2 1
24105 659692
893866 17790
9 5
3881 332942
3966 388973
3331 349819
3162 363897
15982 75
3000 382942
3480 365454
3661 398595
18852 37
9 3
204718 447267
491585 186262
907280 100921
404991 226088
825403 110932
299075 306156
112821 811583
447267 204718
103008 888898
7 3
3049 352646
3198 393827
19046 49
11502 100
3051 387871
3471 335485
3109 339749
6 4
542376 368398
401258 736551
457981 342626
812219 740511
767750 147209
40385 235723
10 6
516258 27132
24012 583338
368424 38019
209496 66861
22876 612306
134504 104139
266133 52632
28014 500004
154413 90712
194446 72036
3 1
25049 2352
263189 2
22917 2906
4 1
195612 437625
321541 290866
5360 370975
446623 260555
1 1
1 1
2 1
601104 10468
640273 155177
3 1
514507 69065
779315 45597
201758 176124
3 2
477022 88613
279699 151128
518521 81521
8 2
18332 44
3206 367313
3258 327305
3805 320343
3803 366328
3392 383490
3991 308416
17159 62
7 5
140865 187792
345664 76529
646259 40933
70898 373118
42870 617059
112692 234740
215532 122735
5 2
49693 765699
439385 66765
688636 16927
332106 758607
504439 938999
8 2
548662 173452
443764 214453
647735 146922
714882 133122
689173 138088
827010 115073
190941 498408
264190 360220
7 5
178439 376562
718607 93505
119941 560220
509724 131823
435458 154305
617637 108791
776676 86514
4 2
3082 393184
11960 65
3676 310101
3694 342471
6 2
276493 63
241916 66
29466 2198
24302 2515
29939 2336
28557 2511
6 1
655429 609930
885578 73490
853851 261752
575893 100278
177761 484182
904912 921772
5 1
275670 17
28805 2665
29284 2217
212589 96
28694 2688
5 3
222138 76908
32103 532168
898884 19006
190404 89726
33669 507416
5 1
16383 40
3625 334781
3377 346275
16089 29
3378 346723
2 1
210226 13
20370 2271
3 2
111228 98154
46872 232921
29016 376257
5 1
215640 315515
524909 129618
339044 200675
780920 87125
303787 223965
8 3
20959 2640
299315 79
28212 2107
25098 2866
26243 2175
28086 2448
24808 2146
242650 87
10 7
3289 385239
3971 342872
11774 66
3471 352311
15077 2
3025 310587
3980 310974
17829 100
3660 315543
3566 321667
10 5
247998 325315
636795 126693
784373 102856
233054 346175
109180 738940
475530 169658
650630 123999
582635 138470
295405 273108
91182 884796
7 1
131043 686775
138307 650705
229080 392863
431914 208368
432221 208220
418891 214846
257886 348980
8 6
3068 391857
3827 318534
3185 377395
3656 397005
3307 391790
11781 81
3305 387848
10810 9
10 10
1000000 1000000
1000000 1000000
1000000 1000000
1000000 1000000
1000000 1000000
1000000 1000000
1000000 1000000
1000000 1000000
1000000 1000000
1000000 1000000
8 2
3571 356859
3680 319657
15239 44
3943 376979
3155 300325
3234 321524
3850 320305
10100 77
3 2
865674 32116
867132 32062
232101 119784
3 1
77325 161368
745542 452455
641085 249636
2 1
22758 2476
236049 82
9 2
257906 943372
316557 255208
3529 418853
47095 953782
296334 184835
85313 288380
42862 421208
873685 115322
12916 56238
10 6
111384 39237
224721 19448
163098 26796
141372 30914
13923 313896
27608 158301
9471 461448
97614 44772
895752 4879
303688 14391
4 3
11286 417508
113553 41496
123876 38038
15314 307692
9 5
30381 540792
856254 19188
67773 242424
658008 24969
98154 167388
414141 39672
63973 256824
190008 86469
405594 40508
2 1
277326 59
22264 2883
7 1
18074 22
14825 86
3045 321007
3645 393973
3275 392444
3153 312387
3653 390682
