2
5
5 6 8 4 3
3
8 9 7
100
7706 7198 9715 9965 6541 9822 8377 1818 1454 7092 2637 4900 5515 8515 9519 1021 9651 5319 847 6582 5196 5263 9121 1098 6280 816 6051 1544 3565 4914 1711 7832 7028 8625 1337 100 7989 1349 3325 7741 1356 6194 2119 4839 7699 6243 3509 872 1180 8764 5174 7289 4107 7594 9554 2671 1665 7152 553 5193 338 4614 9902 5172 9168 9530 7961 3717 6323 2027 9577 1756 3141 8619 7777 5182 9852 696 5231 4355 5812 6017 4933 9930 4828 8469 8934 3343 1011 3954 1199 7253 5477 9736 7286 1079 2671 142 3662 6578
6
5 1 6 8 4 3
10000
7475 9502 5320 3728 9664 6317 8144 2042 7028 3513 264 4393 2801 3213 3520 5745 9980 4988 8313 4981 2610 8313 9968 519 6272 7531 4228 4750 8974 860 4959 2912 9188 7103 731 3456 909 2746 7679 7835 900 5513 7677 3527 1222 3194 5548 8378 3 6530 1742 948 5864 6961 6509 2387 5815 278 5176 8753 41 4137 1408 9049 2568 9447 4613 2688 9351 163 9289 8590 1917 727 1277 176 3941 9011 7886 4205 5132 7207 332 3992 6409 8540 3318 7752 6698 9186 659 9682 6783 4305 8147 4532 4324 3737 4296 188 1862 5697 9531 8419 5699 7170 7850 2740 7406 295 3159 2055 9801 1568 4786 343 5991 6259 9920 1447 851 2408 1191 9576 6476 4508 9566 9952 6533 4236 8260 4867 7148 3211 6156 6569 4600 1681 4278 6081 8773 8456 6207 3851 2934 8670 625 7501 4871 8587 3582 5063 5748 84 8964 2392 33 6572 3079 5407 6485 4744 8662 4065 5256 2695 4534 3740 1437 5274 1111 2936 8364 9367 4785 789 7153 7699 4362 513 1020 8015 2488 1366 846 4872 225 4048 4270 3961 2398 3934 984 4587 8184 6568 3792 8370 3226 7429 6986 7267 4393 8847 6021 5636 8013 9974 3239 2176 1419 982 5378 4939 1496 3494 7682 2184 1522 1635 5573 2438 3205 2532 8352 1212 7091 3328 1189 1296 8091 9598 8936 3123 2741 6258 1297 4469 4763 118 5113 2381 7831 5452 7820 2607 187 7960 9501 8447 7027 3983 8129 5798 7630 9795 2028 634 8168 115 2388 262 469 696 5308 5033 8072 1701 6260 3354 825 6703 771 6902 200 8980 414 5190 4688 8389 6046 5102 3039 7148 7220 669 5233 6630 1770 2364 5203 3501 4072 3443 276 1199 5188 9424 7913 8606 9909 190 742 241 854 3138 5029 5174 9255 6396 5011 1292 8636 231 3677 9917 4326 9673 7437 8474 1962 1307 5562 8611 3154 2810 5251 6530 3697 3939 9446 8069 5189 1234 8648 3140 3301 5896 4619 4082 6120 3336 7621 2723 7008 3919 9682 9884 1355 8749 8042 3502 9345 4781 2145 2614 2938 3480 2024 3610 8087 6059 5921 548 9550 5518 674 7454 9870 7255 7567 3441 7763 3749 4865 1198 1863 7657 6576 8800 9395 9915 4667 7541 9694 6491 1389 2923 1848 6605 9337 1344 8512 9881 4039 664 5198 8363 5720 5245 4432 8221 2939 3152 7669 9975 970 136 4999 7513 222 2442 887 5013 2316 5061 6794 5088 6804 1087 9031 5596 7618 8984 3397 2533 8251 6196 7480 2115 6937 6277 305 671 9463 8386 4515 3480 7488 9337 928 9589 4788 5097 7230 9460 7944 7130 5114 3865 9885 8396 8633 620 1740 6105 2003 4794 6554 5244 1134 2502 5531 9271 6156 4148 7483 2083 1896 3201 6922 9339 8363 6552 8168 9257 8600 8328 8091 3756 8546 8205 5329 4455 159 5476 2085 2745 7222 2217 7866 5679 9639 2752 7642 1499 4118 3442 473 9124 3499 3554 8015 8257 6643 3571 4181 2669 6742 5357 2461 6429 7507 71 2573 7142 5778 4783 8343 9922 8547 440 8111 8057 6355 8396 1872 3095 5059 5667 3442 7916 9800 5387 4578 642 3347 8024 1143 7510 3421 5324 9980 9268 3469 1542 4938 5187 4008 7191 734 9704 4953 3093 7925 690 6540 7899 2707 3432 8675 5456 7153 4906 565 6329 6527 9152 8620 8566 7373 2538 7196 7876 2074 1063 2398 2886 9447 4691 8953 9035 2188 5627 963 1242 835 8319 4802 8595 4545 4798 417 6193 1479 978 9305 5334 7737 9752 2369 3147 5770 8086 9864 7144 6975 110 5630 7451 9744 8435 4715 7284 4136 6402 1581 7135 9639 7886 428 6670 6750 6491 5584 1685 6436 4737 3933 3533 6057 8836 8001 8085 4784 5262 2077 8959 1848 6557 1947 9513 1252 4638 8602 5961 9788 1513 4671 4003 9848 8498 3469 9874 8537 854 7099 1346 7828 906 295 6369 6767 1415 155 2082 5920 3411 5859 6604 4123 1197 1183 8443 3488 872 92 9089 6594 8130 4666 8068 1585 2015 6950 9417 9451 6350 8249 7234 2620 5665 654 3690 4692 6811 8015 7992 5128 3978 7093 2417 4908 2853 3769 1512 1443 7194 3282 5411 437 8806 4914 26 4978 3633 7230 489 1969 4230 9387 2177 5763 6842 7478 360 9981 5739 6761 8006 544 36 5220 5367 369 6408 4321 2438 7617 5364 6513 3531 354 6172 5042 3097 1502 6215 6650 7753 5638 8648 8891 3361 5220 6773 3142 1109 1788 4605 8570 2670 5351 4098 6503 4817 8220 7602 8345 1077 6145 8248 1879 6228 1220 660 6871 2525 8053 8898 3610 7701 718 9810 7012 2332 1129 8609 2024 9070 194 4901 3111 4727 2373 3288 5215 9462 8237 6959 8619 3261 7841 5975 2662 710 2411 975 5209 2022 7893 2266 8680 8241 865 4774 492 7153 9935 2729 688 8443 26 1803 4148 237 3485 1993 9287 468 6555 2651 5712 5588 7150 3549 4826 3486 6942 888 95 7452 3765 4288 9208 1289 5890 6931 6001 5969 5099 5110 658 9553 6969 8635 5685 3151 9384 1344 6870 5405 534 3893 8882 6601 2438 7423 4437 1229 3 4640 8759 5209 3812 200 6552 7659 557 5667 2075 6359 3493 1105 9737 3244 9944 7438 5697 8532 8866 9925 2784 4223 1963 8190 6208 2520 5680 3522 9806 5237 786 6328 1413 7445 2306 2168 2241 3557 2275 9625 3940 2082 2492 6507 2672 4915 5420 1350 2316 6170 5152 9524 2168 2242 4998 4118 4989 598 7401 782 8673 3770 2395 458 6461 261 5374 5730 5289 438 2853 8295 4829 2773 3421 4149 7957 4044 2844 9081 9631 3518 3310 1969 7422 7629 4544 838 1001 6203 9607 3825 8591 8179 9085 4671 8434 8106 2441 9581 3381 8641 8268 161 6604 3516 3609 3333 6790 9274 2351 1671 1141 583 1972 8240 6384 3323 9473 9580 3486 8562 1526 6417 7061 2068 1059 3708 9065 4171 5508 8935 628 5399 9621 9790 4829 8268 6607 7584 1709 1030 747 1872 7245 8414 7659 888 137 2055 9117 7051 7930 6793 583 9055 5179 5343 7915 7943 7825 1394 3558 5820 1473 4995 4999 9373 7972 4225 2994 7113 1451 3027 6248 2117 3067 4687 3903 5387 7613 5627 7114 6587 6433 2750 6994 2864 632 1100 5813 5519 270 5221 4648 1115 3638 8815 7139 1910 8326 5975 5050 2430 8325 89 3794 985 7274 943 4294 136 2396 2809 1001 1241 8373 6629 8541 8565 5789 6221 3493 5909 9168 4012 3340 8326 7611 8609 4747 4407 3165 3442 1340 6672 2201 1924 6376 4665 4808 1326 6764 9128 7825 1262 3703 5231 2485 369 6119 277 3393 1084 553 153 6987 2925 7637 1806 7966 714 981 9971 8371 6239 664 2507 3626 6734 3484 3889 5989 4454 5622 1127 6934 1060 2130 8728 7416 9155 9337 4184 4483 1316 1288 5296 9640 7069 1160 6009 7562 8008 1626 7763 8668 3600 1548 5452 380 9841 2097 2024 1768 5883 1633 7329 3873 796 8812 52 8629 9141 1457 7795 9148 9441 1464 4340 3159 3427 865 3734 6805 4649 7630 3159 2951 9707 8899 1094 7718 2413 3300 4346 3058 2415 5082 3153 787 5451 1395 3778 4591 3481 7792 7603 3893 1067 3377 4704 8391 4719 7835 64 857 7051 5945 9740 6849 1068 426 1758 3132 1334 5007 1808 4755 7455 2932 1535 2497 5892 4469 4277 2028 7454 737 1076 4082 2422 4973 2981 7773 4577 2694 6074 8969 8654 5538 2279 3554 181 2089 6323 1062 7031 3374 2210 5548 6680 8695 9819 5025 7813 632 9041 8781 1302 5758 3225 187 8467 2797 3883 3343 2334 8041 7151 3456 7888 7725 1489 2050 4901 493 6616 1422 7280 2340 9747 2793 4557 6813 5545 3504 3702 3466 4461 1061 4019 1366 9432 6672 1043 2306 2615 6492 375 8834 298 4147 5380 2407 2434 4296 7406 5861 4143 2345 4504 942 1058 9886 9934 5053 501 9256 8513 6842 2655 7569 2164 7605 6183 1631 5515 7410 6023 3392 6438 7078 6195 1286 7396 1903 1760 890 6183 4999 907 5004 2126 4902 2530 8401 2932 4246 3746 5625 3216 7587 6344 2161 3504 686 6936 5317 4558 8291 8844 6385 7873 5369 895 65 9312 7571 5109 3346 6813 6347 8048 7307 6054 6846 5024 822 2873 4510 4377 713 3742 2437 6825 7789 3871 4595 4485 4235 6356 1185 3958 1077 1515 1408 7280 6054 5178 258 4316 9270 2215 9770 6509 7336 9455 6067 1930 6915 9089 2779 9168 1976 3923 4659 8322 7231 1740 2770 8262 5401 9339 7749 8155 3190 1764 6341 846 5818 5100 2635 1060 745 4691 2663 963 6152 214 1204 534 7129 8327 271 6285 7118 7060 5818 6271 6695 6376 2912 9882 4139 5741 9083 8988 6491 3908 4730 3584 7346 1318 7702 1417 7059 1334 8790 3676 987 3402 6759 7176 5772 5099 4957 2526 6879 6538 8422 5572 6665 3678 2774 9708 6337 2368 1570 9035 5129 2545 5655 2751 5836 5455 6050 3750 5390 2554 5823 4333 4465 9677 7694 6720 3790 1438 8266 6364 7543 6431 2791 3344 9798 9575 5570 3892 2914 4407 2113 8931 3365 2187 2944 1333 228 1009 2480 3563 5577 8750 8126 1280 8353 8451 9054 5448 4476 743 5567 8730 4065 6452 5592 5891 3382 5649 2151 3233 4358 6667 1245 3721 7380 4043 84 5713 3330 8602 8496 7009 4331 7994 7052 8611 7229 3079 8743 4266 2556 7686 6329 3383 4699 2364 6703 4417 6965 1186 3758 2631 6291 1182 6448 4188 9371 6623 7665 7039 4910 9198 3349 4414 4136 6437 3290 9248 1475 2727 8983 9064 7592 3347 4635 3220 5700 8275 4320 6424 1649 5787 3397 9535 9902 5774 9846 4449 6114 7187 3711 5015 1246 841 206 7846 2048 2721 3175 4457 6121 9894 8678 6759 4677 2518 1545 3929 5075 3389 308 2618 4058 9414 7216 6679 7798 8265 2969 6088 5816 8439 8130 4866 8176 2303 7709 4940 2710 3574 7548 27 2853 8179 5712 5301 4862 1154 1695 3861 2020 5351 5066 2652 5145 8030 3220 9724 306 823 8796 1634 8998 2457 1542 4969 9247 176 9894 9744 8000 4502 7902 3477 5188 9818 4608 8614 7579 1601 9462 3809 6403 4047 6025 8669 4137 6015 4519 5058 1042 2148 8539 4831 9832 7536 7325 9048 421 1920 6822 6842 4044 8025 6687 2865 2274 7701 3579 3601 115 3745 5875 6902 5529 9572 8915 9674 7438 2698 3667 630 5577 8291 4991 9382 5390 2607 1310 3049 5712 9911 1024 5157 4576 9499 3943 2968 5763 5669 1001 299 3683 7775 3990 2327 1557 5581 1508 9258 7555 2551 1431 6771 6110 5447 5142 2470 9178 9003 5881 9839 7393 5977 7503 8993 1333 5579 5549 8947 827 8989 8710 5575 3404 5795 5142 9506 6370 6905 841 6045 443 1110 1124 1907 5590 9377 9916 605 7858 6567 1974 6436 9572 3824 6952 3831 8088 2114 8572 75 3772 1687 6519 3358 4819 3581 5973 5408 3172 7077 8601 3003 1127 3214 2348 3777 2894 2977 7132 9332 7285 5430 1728 9977 4893 9409 3160 9334 799 859 5113 5830 691 3235 3002 2513 6448 9408 4799 566 8388 2880 7255 6466 3151 3707 7795 6776 5778 2111 9596 2991 1855 430 1818 6576 8162 2380 5146 3226 1143 4400 7597 2468 6125 6566 1810 9662 9647 9313 1171 3830 6188 6434 5214 6548 5372 559 5157 8126 6217 2045 4537 6451 9533 2510 1827 1204 2925 6338 4440 4949 8167 1376 6479 4858 3837 5984 1920 4022 1181 1531 2145 7491 4596 893 7425 2711 4012 9250 6078 3007 3666 3347 7576 7218 5486 1766 2624 2142 4215 8887 509 5446 7281 8539 7989 1494 7642 3067 1335 2495 2044 4829 4653 1156 8276 217 1788 7301 7885 1228 7548 9567 8309 1757 1943 6030 3619 4036 9226 3849 4184 9375 3616 3305 927 2530 4452 9462 7742 425 7854 1521 1123 3413 8140 8614 5058 5329 1076 708 7880 10000 5233 8058 9350 4435 289 5830 6462 6996 6975 9970 4102 8292 2455 4915 1539 1538 6657 1439 2953 6350 8914 4906 4880 3934 6108 1444 5335 496 1740 5377 6525 4154 9821 5016 5065 3354 5827 3343 4457 8577 7106 2505 5650 5373 2718 2580 7690 1336 9413 29 228 5201 4506 7151 9568 7349 4566 7153 6750 9773 5256 3710 2543 5722 3000 2213 5387 6586 9853 3481 7605 7507 7507 8847 5786 5784 5687 9460 8508 1882 5940 7306 6087 6223 8258 5195 2579 4166 9828 170 4138 7256 4673 779 5241 1047 244 7529 3856 4523 5877 3326 1093 3149 2091 5776 9032 9744 1646 2416 1871 7777 4513 1957 9393 4009 3719 4956 2705 2618 3039 4464 4492 8138 2848 1652 1726 5873 6951 9077 4360 5350 5663 9315 2399 1630 1570 6393 7149 9366 2333 5512 8504 7776 9227 2715 6205 1794 463 9229 8091 1098 7783 6829 6697 2104 8884 9042 3788 8470 7176 1470 2767 4233 7641 2856 9768 9590 6685 7006 3978 3190 9479 2136 3381 3072 4232 158 2562 6956 1380 7097 9386 3064 7961 1285 313 5123 8066 561 4829 3220 3903 3483 9467 476 4246 8748 3106 2699 1053 8985 1298 1098 8626 7781 5121 4014 9251 1492 9284 6496 548 3766 9399 3389 9543 7784 5218 3530 7703 2995 1687 7894 1178 6861 4382 406 1676 682 9741 3820 2175 9887 7108 5760 9095 3421 2281 2974 3363 239 8193 2284 6925 3934 6038 3142 8214 5828 2520 2870 824 6697 9808 5962 4685 7877 8979 6738 8422 3616 2825 7039 185 1317 9793 2178 1369 3293 2879 5798 2439 1639 5105 4333 8036 439 1993 8964 1123 8078 3639 2678 4337 7756 5323 4028 5166 2284 9004 3122 7644 2631 9553 9057 6198 8027 1264 9408 212 2874 3612 5522 9805 9247 4238 7571 6845 9801 5831 2554 6111 1843 4543 2634 97 5586 4488 9624 4225 5319 9143 9241 1947 8703 2221 6559 8738 2010 2910 6036 6240 9275 2110 8710 9403 8161 5159 4278 7082 565 201 7858 3558 510 3981 3289 1287 8405 9916 2599 5995 6247 5645 6239 345 7906 3033 7861 6671 6649 6849 8445 8535 8684 7636 5009 7421 6073 7192 2718 9105 9006 1470 9487 2368 5367 3674 1009 1045 4249 9117 9774 183 9755 3138 3276 7327 1028 7674 400 2238 807 8133 4023 9588 1047 9752 9512 688 3285 5728 932 4984 8153 2283 1340 6552 6383 2526 7492 4051 8305 58 49 3607 5343 3670 4895 5141 858 6742 397 8186 463 5808 1382 1075 6626 9195 611 120 1526 3899 9263 8788 8286 9332 7920 6696 4082 7591 6821 2692 1982 4430 6320 2700 1570 2795 393 5212 2343 3749 5132 423 3030 1590 1590 6260 3848 9093 9198 7848 7100 8731 454 7438 6348 6917 8747 6764 9600 1821 497 7971 9532 412 6836 8855 3246 725 2440 5935 3276 2083 2665 4719 9863 6076 3851 8147 958 2514 6029 4333 8617 9099 2094 9551 119 699 1579 2599 19 5579 4880 1137 2455 1502 1928 2379 772 5797 4625 9280 2486 1269 9215 1436 9753 8361 9032 1861 2247 930 852 1269 7781 2510 5310 7722 8727 2384 7495 629 6651 5540 4933 9195 7341 4386 7745 3441 3980 3137 2483 1114 6784 4695 8207 9354 1599 2175 6534 9057 5639 5265 1317 4888 9737 1987 1920 1373 5748 1619 2890 4109 5463 7905 2504 2183 7090 6100 5746 5985 9827 4514 7721 463 708 5401 580 5988 2713 1473 907 3284 7858 7097 2757 7427 4605 4624 3135 7993 9679 4026 7821 9218 8791 2626 4506 6993 1392 9709 9587 8837 5914 4949 8789 4611 619 2308 4415 6629 495 8083 1736 5136 6264 3927 926 2695 8279 3730 8728 1870 7602 55 9689 7038 8284 5537 7755 9465 6734 8525 759 5216 5801 1910 5401 660 3183 9303 4102 8722 9714 979 1488 4059 7358 9560 1748 1627 9285 840 756 9497 3290 7728 2357 5337 8941 4101 8578 5284 4243 7990 9854 367 4781 2096 8875 5058 3889 2590 8571 2152 2753 4567 8540 1572 8934 8382 9032 6601 8506 1597 8277 7968 4843 1014 7894 2510 9040 4361 6518 8104 6698 1896 7921 5191 9659 965 1614 3203 2519 75 4190 5987 8482 9404 9115 6830 8397 5403 2750 147 2235 485 1369 7820 5877 4249 2494 6450 2747 9278 7559 728 9755 6323 5650 9168 6456 5221 9502 1994 7630 5405 1695 4455 9223 9131 6155 2295 9084 3333 9500 1783 656 6208 3695 2117 6080 3921 9667 16 8155 3448 3190 6089 2299 8731 582 7002 1459 8632 6356 6738 8869 8141 2568 6385 3944 9960 2930 1643 5446 8264 9852 1017 6220 3086 198 3930 3521 1359 8998 2272 4346 7067 125 6292 6436 9330 2666 8213 927 4180 457 335 5649 3688 8045 8095 18 9508 410 9785 1522 1188 1853 7015 8493 150 8334 4094 7448 1365 3337 1774 8292 3221 4718 6240 1566 6251 6505 6383 9557 8961 35 4506 7287 3517 5866 2197 7339 4864 4201 7951 8388 3456 2629 2767 8273 7833 58 9081 8068 9837 6645 1365 9640 4452 9367 5393 2654 8997 4517 9199 53 8255 6472 5998 7391 1900 9859 4267 6702 2345 3558 5738 52 3440 488 8812 5809 1123 9168 7040 9014 4053 3580 6886 1356 1704 9618 6322 6809 1703 7159 6874 3717 4706 6471 1825 7285 1797 2665 3221 212 3219 4160 8119 9670 8180 4774 2566 8283 4612 736 852 7966 3789 3532 8576 621 7568 7314 6164 49 2660 6369 6632 5336 2596 1607 8113 8561 5860 3206 8822 4331 1403 403 5617 2303 511 5183 2185 981 1285 2482 5006 3469 3447 2060 9060 3866 4553 1965 8619 5406 3894 4048 1945 8503 5976 1616 7596 7573 5961 6667 8084 1607 4889 4322 7697 7946 1960 8936 5157 902 2533 5885 3952 6617 2343 4352 8550 749 6518 1988 9882 1347 9282 2287 1572 2871 8171 6917 3145 8402 4142 1032 7879 4442 4509 1574 2571 5400 2908 3457 4495 6857 8405 1632 4213 1586 6551 1564 2169 9061 4703 573 626 8076 9318 7329 3609 6606 2177 6047 998 4694 1001 1559 6405 1514 4870 3371 9735 4085 5460 9100 8611 5428 5235 7598 665 5751 7432 453 9399 4206 8485 8876 2094 9606 8281 6032 1797 1556 7422 4740 8688 5459 13 4666 1431 412 9988 9197 8233 4753 9741 9092 9468 4641 370 9159 8581 2580 8527 623 4044 1890 4773 8232 342 4424 5432 2585 7540 5785 832 2941 6990 2795 9685 3715 6222 5128 8411 795 1380 1281 5715 1133 9043 9665 4145 7700 1263 9023 3409 8928 3749 2328 5262 8654 6181 7846 5315 3480 7741 3795 8107 6538 4529 7915 309 9993 5542 7863 6536 9959 2634 9292 5430 8549 2785 3650 1380 7725 3660 3015 9134 73 649 6048 7087 5591 8361 6664 92 6809 6467 1646 1649 8726 5870 9464 8014 8249 6853 5003 9164 2548 7433 1180 8659 6064 3876 2605 2237 891 937 9301 2143 221 3780 3948 4290 978 45 8465 7945 3721 5977 100 2606 7580 913 8977 6152 7457 8730 4388 8056 5989 4197 5136 330 1952 1049 4431 5645 4574 8513 2994 7331 9354 2660 9350 9659 8037 4350 5577 6922 5080 5738 9318 7890 5021 629 5255 7060 7440 8626 7113 2909 3014 2585 1841 8846 2284 5626 61 7416 4068 6637 7869 557 1847 6049 2547 3106 4186 9718 8931 9417 246 1771 421 7517 4825 2928 4402 3007 1275 1970 3313 1886 6563 7893 8553 1236 9838 1810 2081 7355 7594 7455 2342 3792 4155 7860 5801 9515 9962 2793 7118 923 7223 3109 6988 3600 8727 576 2066 2768 1391 3554 2827 6884 8259 2517 2178 94 9796 5408 9561 796 6069 3626 6384 3532 3884 2341 3398 1853 9789 2039 4091 7099 766 9285 5792 2543 5328 8546 9245 767 5826 8692 7579 9994 4323 4405 169 9228 8352 74 4576 1153 2026 7550 7690 1213 217 5481 6144 4963 1841 8417 414 3867 8139 986 7095 940 9054 670 1226 7674 9167 6003 2200 1366 59 3074 2575 288 1668 7328 6622 8452 9946 642 2306 5770 2561 3287 1957 9028 9052 5612 9257 2214 3127 4506 4944 9744 1226 5405 4689 9125 4313 2023 8235 1798 5904 7481 9242 2267 1552 4045 4541 4833 6829 249 4481 9611 8336 8081 4627 8938 2185 1457 4512 8063 4639 6324 765 415 8866 6782 285 77 6636 9073 4869 5150 375 2694 6802 1584 7379 262 2411 2562 3247 966 8930 2244 7205 3215 5972 706 306 6254 2534 9467 795 4881 1677 5516 8516 4188 5808 7904 6913 8960 1259 9583 8800 6534 7351 5252 9783 3034 5946 7223 257 118 4354 5798 9795 5481 9166 610 8445 4560 3678 1282 9147 1455 1697 5803 3876 1644 3977 3161 4569 3191 3597 3427 4897 3030 5147 1381 5519 5273 8879 4542 8525 2427 4656 7722 9641 2604 9611 2981 5237 3032 9875 1790 4567 8666 158 4236 2730 343 1510 4286 2952 1211 8600 3687 9258 5541 1473 2194 2441 3158 8095 4120 2359 6237 9905 1818 6499 6092 8787 9320 3019 6194 8918 5167 8359 2316 3105 5392 6060 4526 5285 663 1331 7627 4660 5700 4319 2101 4388 6044 9052 5269 2649 5695 2559 7953 5636 765 9106 3127 2434 1734 9063 1619 4170 3755 3671 3667 9745 8912 6464 1070 3653 2482 5506 3568 6257 653 4921 3943 663 2026 8735 3333 9489 8507 9623 492 4252 8865 9925 6224 3796 8715 2659 5806 5731 1263 8403 4559 5628 2658 8097 7664 9564 5016 9198 11 1192 2191 294 5741 4305 6825 3129 6910 4835 3838 4378 5679 1025 140 191 5882 3268 7768 2087 1530 1754 3754 7279 6809 4903 6100 7342 1751 275 7739 8280 8167 2056 237 737 2006 7260 3657 5730 6108 4771 184 8097 6321 3745 7984 9798 2821 7264 944 1440 2987 2585 3761 6160 1411 402 8853 2923 2584 9745 9129 8521 6190 8469 2512 5550 1743 6931 9961 3309 3648 100 3252 6500 8792 9336 652 9378 7272 3096 6921 3977 9645 4755 9605 9477 3251 1979 7273 4797 315 648 7319 1866 9837 8831 1405 7435 4127 9288 7328 9922 1056 4581 1696 6198 43 5109 9724 7773 4286 9478 6491 6531 5436 6587 5747 1469 6241 1840 2060 8201 2308 3606 2096 7359 8066 7646 5706 1966 5371 3930 6274 7422 5098 7325 8748 135 5489 4380 1609 8100 9973 5452 4609 3356 8190 7993 4027 3920 8672 9608 9620 9471 6834 6018 4068 4902 2228 3533 8360 7479 1590 4991 3420 1160 5671 2855 2656 3108 9193 8994 3385 9169 9449 1114 6462 1770 7815 2609 7201 8457 9429 5260 9650 8291 9684 3365 9105 7138 7629 1521 251 2578 1266 4722 488 2241 8161 4506 8739 583 945 9781 5288 5188 9333 5667 5373 7560 869 7361 1380 1274 6968 5640 137 4600 3115 3779 8270 9087 208 8265 2001 8853 4528 9579 6983 7343 6525 9339 4766 7519 4087 5485 2017 7882 3317 8731 4629 3130 5592 9134 2888 1003 2782 2378 1552 9023 1997 5876 5807 1299 3220 5150 4122 6874 1415 8815 7130 9340 5277 7412 6191 7431 8177 631 2749 9306 9027 5080 2151 7327 9793 6941 190 5667 7433 1315 8930 2441 693 2009 8895 5778 9959 5441 9655 5776 6613 4431 3843 5664 2465 5672 7891 6856 4653 2583 3926 4863 8161 3460 8195 1203 6776 5655 7329 8440 988 7630 6762 9579 536 8804 1371 3039 1922 9230 2649 7030 7691 4674 9791 8476 290 6472 4717 8463 1691 6417 9931 6772 5990 1411 2300 9968 7264 1435 1140 9016 5108 89 1783 1250 8427 3005 3161 2508 2328 6097 4119 9198 2840 1583 4645 6962 5786 7836 8641 5096 4049 4755 5360 4878 4762 3662 5808 3119 1900 158 2410 1140 4979 6021 7651 3121 6449 7574 9547 3269 9720 1064 5541 2903 61 2519 6934 49 6887 7615 5221 5337 3353 5885 271 3845 998 2109 9618 7749 3244 4248 8215 8766 319 5929 7347 5677 6896 7557 9981 8552 6060 7865 8322 7376 1304 1147 5657 9192 4893 747 3000 8223 2660 5864 2703 1832 223 1169 3241 7219 7428 59 9376 9908 6057 8973 8821 2039 7225 9676 1074 9425 1710 2218 6545 2096 5620 6606 8669 2157 9165 8410 8310 3085 3488 3274 9693 9643 3672 108 5926 6607 8682 5881 6758 6492 8479 5652 9601 4320 2865 1052 1960 2168 1440 1272 3194 2750 3156 7648 7839 6217 4645 5069 4067 2712 3998 9524 133 5959 4936 6504 8400 7535 4807 2302 6051 6365 7784 4446 5515 7906 378 613 1689 4513 2968 6366 2530 5208 9058 3218 8194 6761 5823 1304 9137 5081 3097 7087 9309 3320 1562 6931 301 2090 5749 6977 4895 2081 7782 4151 5274 5574 7084 1185 5501 2555 4544 6251 6804 1588 4818 7649 3202 6886 2213 6538 2231 303 9493 2356 7129 2047 9815 7129 2635 404 3288 9412 8810 348 849 645 2691 3340 9883 1977 4002 5016 5782 332 1256 2107 4535 2720 5333 1908 3281 7775 6209 5240 5518 3953 902 5166 3913 1330 571 6876 9946 4962 7708 6044 3417 4068 8081 8154 742 199 3721 1835 9451 4235 8951 6891 3937 197 7222 6117 7037 425 3100 8857 8160 6265 9138 6506 695 6111 3782 679 152 9040 7255 933 4627 9689 5345 1927 4137 5864 3701 6637 9101 3528 3393 2031 5339 5844 1251 7361 537 6765 1360 7370 4490 7840 2481 5605 977 1859 9537 3167 9163 6995 323 9719 8534 2586 3464 6010 633 374 8006 7056 3253 9919 2709 7460 5118 9750 7332 975 2266 1106 520 2747 4870 9341 6750 7127 5547 9702 8758 9581 1523 247 8107 7126 1987 4493 3478 3803 5637 2235 3763 5090 5287 2599 6674 5468 6582 988 6893 6569 184 9510 1398 9633 7989 2455 949 8255 3351 8338 3184 2984 6837 3137 8030 7010 2824 456 8038 5131 1969 4447 6509 6769 1314 3075 5514 9792 7138 1195 8863 7759 6016 8457 5114 9788 5458 8248 5232 6407 1551 4191 954 5008 1544 5350 8504 7750 4638 7173 3757 5122 4598 9855 7615 9161 8914 3671 4913 9738 5141 5403 7202 3111 2529 1462 9016 5879 5421 4105 587 8930 2996 2678 4437 7394 9266 3720 1399 5679 1150 9080 8584 5599 2610 2083 7489 3689 5878 4706 4519 1206 9099 1880 7503 3775 618 6123 6981 1121 156 6501 4982 9172 1260 8452 9048 1348 8999 7709 5570 7916 1407 1125 6307 5301 626 4829 7945 738 7604 2351 302 8380 8425 9873 7973 6789 2779 4750 1549 3831 552 6859 1978 7359 4959 331 751 7316 6529 6899 79 7861 6679 7835 4453 9149 4604 471 8213 307 7772 459 2046 17 741 542 712 496 8117 9734 6379 5901 8703 4396 8386 1770 1862 590 297 2928 3598 7357 3518 8395 1499 9877 2559 3833 555 5259 6984 6563 5134 75 6107 5346 9542 5403 669 5119 1631 7497 7359 3314 5484 8898 9377 8478 8954 4311 1392 2634 5049 4142 6473 9729 8297 4686 1103 8182 8918 7972 2596 2101 3360 9650 2135 2343 6215 9791 7114 3265 5867 5994 3553 932 7290 9131 1380 2735 7603 7369 1345 5928 5855 9075 1544 5382 2109 774 1525 5929 363 2236 3448 434 6833 9534 7921 5163 515 2941 6603 9264 8755 8520 1993 3711 3818 8417 9682 9015 1867 6499 581 4477 4436 9766 7088 9174 2027 5367 5819 7081 8474 563 5481 6506 3462 4232 1522 3264 3051 4804 5285 2415 5255 8994 6516 9421 34 3182 6091 9701 714 9603 9200 3821 7022 8738 5722 3016 7568 1780 2651 4456 7145 387 3570 1055 4826 5467 8947 362 7764 2930 5594 7097 6835 4388 1462 9592 6733 2845 2201 9999 7921 4588 4802 7874 143 4789 4093 4223 5702 3680 3511 592 8615 3497 7719 8092 6782 9191 1196 872 216 8439 7361 9317 1769 2814 6884 6274 548 773 4008 3994 6513 1761 8807 9073 6547 1389 7886 7496 5091 3501 6390 8658 9444 4088 6605 6277 5818 2752 6124 9977 4196 2586 3692 5104 3369 3848 6778 2939 5028 4145 4017 6074 9557 2739 8588 7629 209 9433 1965 3980 6860 7829 634 2846 2036 1460 7669 1161 1768 2626 1691 872 8074 1812 5233 3345 4304 2033 4172 6897 2967 8809 445 8924 2451 4007 3373 5916 8666 1382 7823 4874 859 4403 9270 1558 5057 6385 5761 4883 8365 9981 2804 3075 738 8343 8157 4625 3667 3344 1303 6184 8109 9158 2786 9297 4561 4048 8591 1614 8649 4981 4214 1284 5585 3741 6051 1761 7534 5495 1045 9120 1486 8753 2423 197 1817 7560 2875 1127 6149 3436 3867 4415 8286 2815 5183 5179 1790 7576 734 1620 2664 88 6558 5894 170 6573 3294 7383 69 4373 9419 5865 5902 5735 9639 2539 2797 478 1561 4712 8742 9580 4017 4400 777 2013 7986 50 4872 1803 8278 2502 9564 4058 4219 8842 5984 1569 5656 4936 1412 6537 9367 7247 3200 9279 4727 2331 8896 8779 8250 7460 3184 7064 8823 5152 3205 7925 8204 5067 4122 731 8304 9047 5667 8646 4856 3943 5925 894 1712 7911 4851 7763 3761 4321 1373 3937 9817 6694 9532 3769 3036 2278 4325 9323 7124 1125 6074 9261 2752 8850 6455 1048 6138 7753 3893 368 9744 2565 4854 9186 2330 7204 9628 9951 2687 4105 156 1473 6939 3476 4806 9491 4326 6822 747 1198 3459 517 5239 2894 352 1993 8079 4109 4968 7675 532 3005 8747 6557 2976 2469 7115 1185 4100 5465 3871 8050 9185 4227 9730 6228 1291 4095 5844 8731 511 7203 1952 1745 8614 4192 9849 1911 9393 8810 1759 9702 6954 6438 3607 9826 6423 7569 2220 5368 6551 9351 7330 2628 7106 7808 4835 1623 4447 5888 8953 3898 4588 3954 5377 4182 841 8533 3172 2584 3227 1278 5570 7299 5839 9414 2187 3277 7063 1371 1047 5219 5613 7507 9496 9438 264 4521 4113 3984 612 2102 6457 385 871 6940 86 1803 4363 2747 520 5688 552 6422 9127 6541 8374 5439 2966 1668 9470 8028 4043 3679 4349 9775 5548 2867 6770 6200 6860 9488 1147 3186 6949 7053 9244 3418 8148 2151 5895 339 2849 4487 7547 9743 5617 3449 1074 3559 2591 5298 366 1854 5468 4622 3340 3985 5757 6560 9317 6840 4981 9260 7667 5955 9042 5817 8648 524 6637 2757 4905 832 2448 151 2690 5175 5974 5698 1531 8164 7075 263 7078 4273 9346 9278 20 2147 4805 9988 1084 2747 6944 7588 8522 5104 1063 1588 2868 5335 5421 2623 1029 8761 8422 8692 9561 3885 7508 4899 5503 9732 8090 3160 4276 6643 2340 4257 825 6739 4118 2796 729 5628 2610 6 7128 4721 8547 5513 1255 3506 536 9065 8203 2292 1578 7449 258 2635 581 3320 2345 9949 2778 5590 8396 397 6444 1167 9597 6633 3341 5675 4900 2660 2531 7421 6531 2581 984 9150 4912 5428 5837 3521 6096 4946 8301 7369 9862 2698 2613 3931 3582 5058 8973 2115 566 3006 4014 8493 6032 3956 7663 2163 4529 8371 3883 5519 5582 8815 821 7479 6272 5290 3879 2599 6848 4587 101 4418 3401 8454 5453 8028 9869 1858 8079 9965 950 8351 395 596 8389 854 6393 4604 2237 4343 3769 922 7578 668 9917 2701 6292 1007 9534 8605 2721 226 558 6291 3011 1992 9613 1099 4025 9955 9183 1498 602 1634 4538 8461 5936 9235 9647 7149 5239 2035 8893 7177 8116 4230 8490 9618 38 4602 6129 7895 1410 4964 870 8105 6119 1179 3802 8003 1843 8386 9774 3363 8386 814 4889 6578 6856 3015 9270 639 6113 5695 7312 8999 3309 7795 7875 8498 5096 2557 8688 138 3914 7936 3047 933 7952 357 1060 3101 3894 3701 4229 5061 7032 7052 7351 6797 6819 7094 683 5280 8343 9472 282 2027 1606 4401 2908 3981 7781 699 3585 9532 4134 4111 6027 4460 8033 9230 1569 14 7555 4719 1876 680 93 1237 8719 2753 7063 8896 9880 2707 8214 9844 4045 3576 88 6301 3868 4992 9862 6001 164 9929 5860 7698 8475 7768 7601 7361 1466 3598 2486 1254 8070 9225 2263 590 1311 8090 8882 5188 8770 7832 9782 3820 2927 2505 5562 5818 9374 4842 3527 6667 702 8268 7222 1796 6358 8472 8934 2618 50 7198 8771 2398 5536 8618 6985 6279 9791 6836 6018 5503 7914 4847 5654 6733 1708 9512 8233 9531 3612 6614 7136 1278 138 1714 382 8073 2814 9904 1837 9928 9341 6264 5331 8856 495 9057 7163 4729 5456 1625 9336 1456 7496 4072 2776 1160 3040 9993 1849 8566 9366 8011 6058 9985 7957 7050 7738 3251 2951 7335 9445 2078 1579 5947 3272 263 6812 7823 6214 3798 9440 9820 5841 9131 4958 7211 1925 5986 8342 4560 1316 4899 2298 6753 6036 1125 2193 1119 6913 2887 5856 6679 1317 5305 3909 1000 1737 4006 9845 4600 6914 4622 1469 6936 4473 9419 4732 977 5046 6903 7064 3498 3030 5486 4790 224 6013 9002 9394 5452 9243 3114 6570 1223 4587 8487 6325 6961 5146 6346 4948 7930 3593 8952 2314 2543 4602 7824 2617 8546 9448 5018 5396 7006 959 2951 5181 3766 977 4313 8756 7023 1116 3133 5399 3697 8232 216 8980 7364 2145 8297 3047 9393 3824 7147 3679 5950 825 2576 8513 261 9079 6980 3826 3760 3440 1409 4181 8717 4887 8153 171 1770 9611 4830 852 490 5239 6747 2211 3667 5555 3505 1720 4106 259 1042 2560 5967 80 8744 4488 8987 2722 2449 9860 2470 9027 5595 1896 8871 8310 9841 1607 6138 829 6206 9111 4917 9666 3641 1149 542 1545 609 6692 6160 880 4285 1822 1179 3845 1576 2978 4251 7634 5115 7198 3706 6321 6601 2337 5763 4768 5593 6932 4539 2311 1672 78 7496 7845 8823 7557 9574 6698 426 9514 8900 9653 6546 625 2106 848 3264 2998 3267 3620 8546 4658 7429 6717 5324 1797 8714 2624 2269 3513 6742 5850 2052 6279 289 5260 4933 3201 2781 620 3437 5 3073 3266 1336 5769 3267 4393 5242 410 3805 6732 1932 4913 6224 7157 1978 5748 9431 2125 9208 9069 4877 7671 8952 7292 2169 5025 1436 2142 8432 8639 8402 9478 5296 4835 8700 9542 4594 6826 4957 8512 6038 2083 8453 9122 1314 8032 5342 5501 1663 9588 3388 9053 9291 9479 7800 8567 5945 3518 7562 9169 2605 4920 4895 4601 2713 414 8890 9541 9154 3508 9661 5320 9985 4045 6811 6830 533 6921 5193 4500 5879 6580 5629 2178 2671 4273 4595 9938 5721 156 4370 3740 2323 6437 9550 5702 3969 1486 7452 2920 9551 8158 6786 782 6965 1713 6429 1186 8423 1650 7993 7233 1019 7753 8827 6071 8269 532 763 2848 8574 6463 4617 6066 6133 1515 9995 9894 6256 6320 7371 4133 5261 599 1602 9422 4293 1308 4274 8190 754 6025 8428 7725 5729 8527 4510 7722 5562 3333 5150 8474 6023 9683 930 4663 5216 6608 8433 3552 988 1510 8538 3873 8780 8744 9077 5539 8851 2518 8467 7326 9324 8598 8490 9284 2809 3781 6416 5932 247 5381 5082 6984 9598 5291 7317 5970 6478 8460 513 2092 4531 9260 2112 6579 3363 4634 8828 6064 2362 6151 5885 6703 5570 7603 6155 6308 36 4577 8545 6351 7268 5622 7962 3960 7313 653 6419 1917 1784 7434 410 1655 2901 7600 4575 6331 7739 1551 4648 8040 3737 831 8329 3288 5212 7802 4855 5020 9442 7758 2533 2810 8273 2759 8088 3853 2767 6811 3590 1350 2885 5405 5529 2418 8119 38 3145 1249 4724 3857 4415 8879 6859 8383 9196 6992 1474 9212 6082 5865 8174 5900 6468 7573 5835 2340 481 9691 9197 3653 9272 5054 7431 2372 9954 9580 9328 3991 4328 9907 9412 7612 742 985 2113 9276 4049 835 8831 4822 5463 482 8769 1597 4494 5652 8465 2006 9079 728 6908 3933 6047 3689 4576 9517 5221 2525 5022 4287 2427 8241 5159 4543 3958 9127 8170 3817 5607 1004 79 7686 3758 3289 1187 7403 9066 3458 7372 8372 6108 3701 4661 7360 2985 1296 7946 1659 4000 2635 3517 7459 4830 1302 4505 2046 4595 4549 2162 8380 6696 8627 4374 288 5951 5636 9127 8618 7474 3610 6881 7956 5773 8098 8950 7504 7992 307 8909 7949 6098 2179 7829 5588 2398 4797 9614 8022 6645 850 7587 9946 1669 4439 636 4871 7607 6119 3578 1232 8694 5011 8999 432 2770 2021 7309 2818 9325 5196 7817 4630 4356 2109 5869 9152 7915 9537 8986 8625 8274 4354 174 5720 1849 2191 3197 5298 8921 304 6423 3797 8107 5933 8490 5213 159 2560 7304 4554 4202 2325 6528 7010 7430 8830 7795 1666 789 6807 3846 72 5382 5390 7786 2868 4693 5116 2876 5806 365 5091 7371 3277 3669 819 2969 3783 2550 612 5965 2960 8896 5520 2859 6931 7406 4856 3186 5979 7245 8077 8753 982 6456 804 7188 1055 1082 3864 1713 1944 8495 2950 7185 5407 6385 3675 2338 3890 943 3163 5048 1160 7808 6829 7039 9627 1919 6015 3759 8606 2833 8919 4715 5637 1602 2328 2096 4260 2043 5795 3260 6640 4751 4829 6516 4779 9017 2708 5199 5577 923 7546 9578 2221 4558 7075 7887 1049 4133 1020 7090 5637 5595 2798 2678 3112 3253 4651 7457 1914 9290 8713 7548 7442 8088 1194 4774 3318 2665 7794 8604 2225 7964 488 553 2878 8113 9154 3329 8933 1848 4959 8211 8866 9522 9923 8357 445 8312 8980 8757 801 5682 1095 8612 9395 7595 8764 4775 1637 8683 1918 7926 2916 790 7979 740 3588 9680 4737 8640 9998 9909 3777 6255 7766 5635 5975 1797 4122 9389 2695 2337 8277 1883 8101 3287 9834 4295 5149 6227 4564 4065 7101 7738 8263 5565 1031 9120 9191 9065 327 2746 9832 6184 1402 7423 3778 6624 6148 3564 9637 3382 3281 841 5259 6737 5033 304 5942 9920 3695 5651 7793 9650 3513 6046 4238 5203 6208 5667 3987 15 4899 315 1026 7965 8535 4522 2029 578 7578 3288 7113 8119 5481 1374 3096 1994 5244 3617 1373 6939 4690 1193 7509 4129 9241 4234 2511 1474 5422 2662 2675 8713 3915 7934 3367 6092 9417 7013 7389 4730 2183 2983 561 2089 2712 9519 1723 2489 584 2819 2119 2043 3405 6147 8805 9945 4384 1561 5029 3919 4875 2856 177 1031 5161 1697 3134 1534 119 3196 9826 9446 7131 5553 8896 2220 5901 891 166 2348 2741 3693 2917 4359 7031 5475 4790 6633 9078 5655 8901 6513 3461 5554 2320 1651 8672 5761 2349 6926 6670 8863 331 6021 6261 4007 687 8820 7977 5862 4907 7084 9014 5529 1108 2402 5942 4956 8056 3830 9754 4764 4408 586 130 8691 3674 4000 3103 9929 8998 1095 7524 6639 9001 4046 226 7609 7942 3928 6498 1738 9621 6116 7675 4063 2236 8729 9255 9797 952 7203 9044 7811 4874 358 4076 2501 8894 7303 6661 7517 4832 1390 7892 1861 7037 5051 133 4234 9550 7554 2452 664 5198 1179 1736 6292 2665 844 8455 5435 7367 5087 1272 9459 8806 151 1913 2875 9233 9083 8602 6973 4696 7294 82 8825 9628 9760 1198 3548 690 664 975 4801 5746 9926 8573 2092 4724 6909 7938 8767 5126 357 4527 1096 1107 4541 903 8440 9549 3650 1218 608 4302 3590 810 1953 2003 4573 5316 5935 3967 4968 4598 7430 9890 689 7209 8590 1050 9137 5974 8537 7548 9739 2126 9823 6603 1802 5549 299 7721 4797 3334 8134 5072 150 1239 8219 285 504 4878 3985 2784 4603 5857 1726 516 1128 7670 740 4110 9721 748 1424 9561 8922 4907 9477 8475 6035 1876 5294 6465 4371 3761 5254 6245 4662 9271 758 82 708 7143 5012 3085 5626 8701 9119 7415 3977 7745 7412 5232 2226 1252 5319 8115 6609 6645 4940 733 9400 5198 5050 30 1090 4605 9876 5056 3379 1026 2367 8117 5149 7573 9437 9764 3607 8684 66 7991 1305 8798 5856 355 6750 1533 891 4510 8209 3957 4334 6779 3434 4348 3916 1777 1557 2010 5007 8876 2865 1995 5068 5533 7770 8016 6599 5229 1220 8274 3662 9528 470 4266 3795 3245 8044 7700 6757 8683 7888 5638 2933 2324 4952 5652 2681 2805 2329 8087 1863 5676 5168 6610 7641 5937 1562 4182 9140 2317 5654 7300 274 4496 8957 877 2785 3004 3641 3109 4010 7063 6163 8517 2987 4784 1530 5219 6922 7068 6808 2767 6549 8051 9350 6322 8771 3533 9003 4609 8171 8503 9823 9554 8813 6086 4114 7309 8509 2259 9050 3709 3399 1328 7428 2097 3815 2102 1258 4557 5524 4362 8980 8626 4440 4519 8177 9362 3621 2064 6414 2701 584 7529 71 5656 4364 4807 5987 3803 6534 175 1396 4293 3810 4843 9489 7274 6990 1897 4704 5730 9172 6018 9197 8301 4095 9771 8720 6123 439 1754 2659 6826 5585 6971 2329 8329 6440 8952 2111 4394 1132 508 5542 3103 7624 3457 7265 4471 4538 5730 1808 2277 912 4122 8279 2784 499 7830 3825 4717 4981 2992 5009 2110 7822 1969 8175 6262 3252 2075 7074 5799 8969 6713 3855 8469 8675 6462 7749 6622 8326 7336 662 4779 2762 3685 5926 2069 6584 951 9172 1480 9441 3770 3706 3014 4060 5094 6973 1443 3098 6780 6974 513 165 8141 8991 27 5418 7961 1481 9431 7024 642 2686 9109 4395 2015 1039 3379 7857 2573 6307 8409 1972 8884 841 7875 2280 8274 3026 9307 8887 6741 7294 8792 6467 7152 4926 1356 2344 4068 5985 5012 3456 5127 9547 5553 5182 2436 7515 7402 5391 2705 9196 5996 9561 7305 3243 7438 9755 5920 7056 5355 4480 4707 8419 5430 7379 5264 6106 8830 6556 2776 7105 983 6318 930 3392 8430 47 1027 6717 1227 8948 1187 818 3673 9631 8632 5978 2567 6463 2508 8954 8377 4324 499 7838 7118 4850 3643 2103 4260 6869 8877 9193 4193 9608 8684 2687 5171 2568 2806 3755 3587 8304 7122 5185 6596 1632 1074 7158 112 216 8896 4280 5948 6599 4006 9465 3977 6410 2997 6757 3737 3880 2842 2841 1221 8023 3517 5222 1996 3542 7883 7224 3223 7218 6547 6784 6921 9860 5455 406 6942 5625 9628 8703 3729 6425 7482 5742 1258 9376 6870 3979 9716 3027 5364 3295 2049 3986 7776 120 4039 6851 1923 6636 5496 3630 3972 5737 6521 8653 2361 1016 4736 8626 8183 4502 4471 1466 4500 8945 1439 5824 2900 504 8570 5165 1191 4077 4958 9706 1620 6104 4675 8461 4138 1386 2832 4607 4917 7354 733 4509 326 4558 6371 4977 8697 3839 2270 1361 1755 2707 9401 2248 7012 1863 8461 1890 9444 3198 4299 4270 8633 1605 1530 5899 5602 3097 2895 3304 5060 2932 4336 7122 7983 4997 5175 4401 4259 956 1905 3279 9010 7362 1474 7935 3351 8125 5447 6477 6325 637 5621 4443 6074 5830 9823 5574 5516 1292 5440 3909 41 8235 2436 4536 6996 995 2107 1185 3617 3601 9348 12 2486 8965 6585 6467 8722 7349 7236 728 5881 9664 563 5514 6824 2385 5256 1056 7605 7120 5284 1202 3915 573 8437 9968 4443 8007 5088 4966 9824 678 5072 5727 7366 8924 4628 7313 9443 2583 1017 2249 2522 8375 9786 4230 8925 22 7144 4800 2155 9705 3044 4114 2532 9106 2603 8133 6563 8305 2229 1357 6002 6449 2886 9531 8862 3063 537 4616 9516 1473 1393 8115 6953 7852 3029 4927 7772 3088 3370 310 2267 924 6577 5801 4523 7985 5443 132 7916 9197 2777 780 2863 238 2067 9389 2427 7424 8070 7805 5410 2236 6010 4521 7411 6498 8875 4489 6919 6566 2094 8483 6642 1036 9769 1728 9720 2493 7273 862 4280 5409 7523 9657 3444 2560 5237 3085 6273 6920 6877 4596 713 2643 7750 293 2945 922 3329 4685 6517 5779 4619 9018 7964 7992 9890 3827 3037 4145 1102 9204 5161 5938 84 6450 828 5229 3884 8995 9394 6867 1924 7480 360 1589 6703 4146 6763 2596 4710 3228 8057 8472 2296 7325 2782 7813 9209 2770 9176 2670 5511 2298 9261 4442 9954 7325 9964 6677 8800 5364 246 2505 3345 6132 2374 1986 55 4028 9194 5032 6185 5605 3598 2220 4429 9256 5516 4881 3515 4498 3433 9170 8193 5799 8928 9614 3721 6555 1759 6374 4467 8422 5752 7384 250 3954 1510 5217 2768 4240 3043 2553 3558 2397 6547 8672 3344 8884 9016 7352 7625 7253 2997 6207 2097 6994 8798 7923 3975 2059 5868 9953 7882 8250 9227 4965 2538 3985 5277 5018 6562 9309 9003 8258 8582 167 7023 947 4083 2273 7902 8866 7659 4757 8665 7076 580 1784 4279 8617 9638 8232 6022 8972 7545 9600 9381 5554 5913 6548 9444 9939 1760 8299 2345 1567 4708 5822 9968 8199 4970 2929 1147 5712 6552 7059 2105 5303 7779 8812 5848 466 6970 8951 7102 7298 1603 6363 891 5944 4940 1373 1537 246 3917 3404 8671 9139 2849 6002 9125 6690 9382 6898 4147 1296 121 3412 4086 5892 2171 8347 6632 5042 7632 280 3112 5398 3009 4358 4014 2330 3108 1550 4427 3529 7883 9420 458 6122 6356 5440 9631 5475 204 5354 7266 9913 8176 8670 6175 8819 9321 7782 594 984 4337 7455 4435 6997 7511 4316 2008 8325 4992 4459 3375 4996 9904 1201 100 8278 6899 309 7305 1953 1659 2250 5201 2096 586 2750 9007 2684 1321 6207 3634 4695 8506 9509 4129 2396 409 2151 8461 1904 9568 6382 7238 8450 2589 7873 3677 8790 5407 9133 9174 3088 8404 4034 383 6098 4839 3229 7411 7967 3617 4473 565 633 362 8323 7719 2433 3823 384 153 9411 6707 7662 4123 7193 1940 4051 5182 4798 174 9381 2783 5435 9608 5166 5573 4854 2904 4534 4441 4372 7115 7043 3764 586 4049 6328 7096 9849 7879 5246 6549 5771 2899 8770 4051 6382 8857 4479 3592 6877 6382 6824 3440 9419 715 5454 9602 282 1205 3370 5006 7072 8033 9687 4679 1712 7191 7375 1710 1408 7859 7555 9672 1484 6283 6092 273 9734 2 9916 5714 6408 9961 388 589 8230 9365 8931 9895 4724 8885 2807 8154 410 2566 2835 3827 6731 7980 7255 9144 1283 8791 3632 8256 4690 8762 2350 3685 3686 6865 7846 9764 5282 7865 1879 1318 6562 2165 6423 9037 5071 9270 3877 457 9613 2510 809 9234 5003 1446 7685 2416 1668 6376 8807 4053 1922 7718 1883 3466 6105 9947 8741 7391 4949 7226 8253 3024 9891 3497 545 5873 1603 4084 8258 1473 4636 7566 2726 9512 4964 6751 5200 3490 6981 7694 7718 5187 9366 6922 3652 9214 8648 6281 9404 4858 5380 7023 6791 3743 3831 6131 6167 7380 5493 9588 6716 3215 4581 4269 5385 2161 7614 3538 3403 4026 6142 2325 9181 8605 5763 1670 3404 3407 8052 1724 5664 2198 9490 5316 3550 2265 1356 4246 56 2801 4437 6628 2294 8151 476 9885 2968 9311 3970 5994 8860 8382 700 8029 5471 7794 1192 733 3988 873 9915 4493 4610 4450 3616 2443 7729 4780 5977 3764 1060 1959 3021 6626 9836 8705 6111 6740 5810 9230 2044 4763 7837 5777 596 7687 4265 7579 7148 3590 1813 2909 5683 1666 5842 8799 3895 9760 5347 6944 6041 7640 875 5764 5012 4550 5847 844 3942 9082 1597 4587 1631 2565 7420 8424 2987 6339 945 2970 8259 8854 9384 1309 8366 6946 9413 7853 5263 992 1578 6022 4748 2157 2755 6531 8514 8643 3438 6032 2077 9506 9151 533 2573 6887 7843 8068 2270 8326 4821 6374 1835 1592 2260 9279 9105 4235 8594 8844 1382 1819 4933 1641 7911 6009 3927 7008 2847 6315 7948 814 3581 3713 6242 7448 3511 368 8662 3181 3814 4280 6824 7570 8440 9712 2302 8707 2975 3211 2265 9030 7480 1016 5115 5032 3679 1262 3186 1245 1925 8343 7525 3584 3653 1966 4454 5434 6739 9730 8314 3097 4295 8403 2308 8520 3347 8465 7220 4174 8347 2689 7222 776 2734 7486 7224 6011 2541 8559 9653 4420 5315 6294 9003 4450 9451 7507 3784 9610 2076 9166 9197 5638 1420 7662 8229 9404 5993 9030 4407 854 3332 6766 4015 5737 245 3303 3720 1532 5619 5584 9280 6885 1654 5886 4136 7801 8738 365 7081 9096 6900 5363 9669 4159 8888 192 4043 1499 7569 2629 7708 6688 4301 6255 3068 4235 2536 2558 245 9671 7678 5120 8840 9042 6394 7233 3216 9257 8138 7167 4934 5803 303 4831 8934 3023 5554 8087 5916 9689 4247 78 7101 6680 2276 7712 1469 4271 6228 8167 9154 2505 821 2841 4456 2850 8739 8628 7106 9135 5678 9789 5740 5638 260 3396 6568 7101 1826 1552 1305 8024 4720 8264 8369 9521 185 5156 5915 7546 6738 1809 2141 2738 3542 1882 486 6474 673 6066 1535 1297 3541 5535 605 4441 9360 4463 5931 3989 8242 4470 5382 9223 1859 6206 3010 8770 4085 581 852 3349 4391 8735 6396 8219 9713 7146 6381 7231 1072 1327 5140 863 6729 3303 8973 1709 3682 6544 1632 3235 4144 5877 8010 100 3386 7722 5558 4609 7508 3179 778 4369 4348 7968 3022 1200 9382 8300 1492 3126 9339 9977 5238 6916 6335 8998 1375 4817 4856 9588 7135 6853 3734 5477 8585 9642 2887 4990 7730 1838 4859 3487 5387 4586 5438 1530 5395 2894 9529 5193 8803 7011 1924 8241 1917 660 6045 645 4750 8034 6213 9731 568 7553 958 8489 4659 6778 5965 5738 1794 7461 3730 7625 1379 8640 3318 4913 1221 4273 7932 3517 670 7808 2898 4681 6141 1170 7151 5555 8730 8607 9661 4387 8432 3061 5029 7192 6781 1604 6538 9262 7430 2622 6031 7536 7744 9724 7741 4224 3846 80 241 1397 1598 2032 9677 1305 7532 1477 6856 6304 365 9394 2872 9085 5595 3968 6962 2363 3947 1166 6924 9147 2682 9958 1110 4297 8071 2427 2519 7368 8357 4277 7591 5436 6002 3047 9399 6588 8505 9103 9173 6521 6997 4956 4453 2707 7300 6881 6251 3673 9005 8330 3633 9662 2438 5844 2177 8 3306 3435 545 2442 3474 2072 7098 8723 2316 6332 3312 8889 4837 4963 7712 6742 7981 2870 2946 3803 8363 7683 1034 6661 4405 3377 8541 5169 6745 3197 8146 8048 4711 5521 7458 1375 7696 7274 9653 4036 8707 6833 3280 1617 102 7600 9531 1586 2338 3689 5714 6573 7583 3475 336 8837 6212 3985 523 2387 6801 2727 4263 9973 6497 4738 318 8131 1395 7209 3512 3307 670 8598 3673 4330 5266 1928 6271 4855 7842 3552 1418 1895 3986 1745 9189 1797 4170 6550 9101 6742 3437 9987 9179 8193 9393 9227 3957 330 50 4402 8134 5639 4712 554 9336 2420 1247 9713 148 8765 8001 1090 2954 2550 6538 1613 1753 1091 8459 1665 2613 3341 4663 1849 6619 4137 1737 6528 5967 6139 2621 9317 3320 1572 3180 9243 2303 6348 9679 452 3241 6657 8515 8173 18 9443 7898 797 27 927 7696 6508 6993 8599 2862 4622 4686 3885 6132 4897 3742 3329 6607 4043 4512 106 467 9624 5099 7000 3989 8168 929 1915 7000 5919 6480 6679 8814 8826 1973 6947 4360 2363 9244 8796 4313 3317 4691 1009 4934 4293 1071 7527 1116 5081 9334 5587 9119 1269 3926 7100 4813 792 1108 9793 2220 664 1955 9293 3441 5630 3966 1534 3518 5264 310 5394 1191 7976 5270 7784 8794 5440 1255 107 5466 4858 9862 1139 8498 3573 4291 6892 8370 5499 5770 3297 5331 7063 8805 6725 8990 9691 952 581 5010 3389 8402 9282 3778 1267 2171 2463 5908 6485 2414 8553 1002 1345 2787 1802 802 9338 4075 5433 6439 9125 7877 7692 4037 4981 418 1810 4491 5824 2216 6598 2188 7372 2343 4218 8299 874 5829 9388 2967 9161 6600 9140 585 3209 7157 9185 3978 3069 8091 4004 2596 1520 3923 1224 1072 4603 8700 3466 6412 9535 7226 6434 7018 4985 4350 9084 8312 477 3978 7641 5278 3957 7989 1292 8564 8550 9509 6989 3760 2641 2393 7609 1530 7160 5814 193 3169 8591 8473 5639 3217 3837 4571 8619 679 7154 3650 8803 1732 8989 3013 3563 3870 9678 5614 9316 6485 9543 6354 339 8692 664 5793 8779 723 1146 9306 1720 8414 2574 234 3192 9310 9065 5564 4784 1009 183 6171 2901 14 7361 630 4643 9684 7426 7935 4899 6322 2009 5141 3256 5457 3028 8143 7130 2148 5553 7664 2 2865 2001 7721 4220 9409 5312 935 853 1198 874 1920 2573 3998 2687 499 3165 6988 4414 8437 9099 7279 7156 273 9543 958 3487 2861 2878 321 335 2335 7567 3589 4798 9797 3033 1290 870 8946 7119 725 3742 2664 9017 9998 1094 6015 9666 8120 4954 3103 5578 6930 3589 8544 353 8384 9161 6697 8329 9314 4359 7091 7672 5540 8670 7552 2805 2173 9603 6364 2873 2225 205 9827 1252 4132 7500 8297 5039 8232 8188 4239 4080 1013 2249 3581 7431 3256 6968 6987 8160 7596 3065 3829 3429 4855 1935 8899 8626 1998 6331 6786 9172 6597 2826 5523 5335 6270 3169 5951 6996 3930 1165 9468 2619 1531 1904 4347 2297 158 1548 897 6343 8261 7598 5266 963 1576 9665 8584 4345 5743 1994 9031 4392 8160 1746 2239 2358 2438 5116 3518 9919 9583 9489 5933 7843 8590 1808 1656 7503 4546 6678 4644 7123 8441 392 9737 699 66 493 7259 2215 1771 4045 5163 2218 4252 321 197 7901 2990 3314 4183 4993 4551 9068 6555 3250 2873 6011 6084 3069 189 3231 6413 2011 5955 2450 6874 3173 7610 6225 3590 9149 7405 9579 7138 718 4353 96 2671 6565 9208 6844 7571 8213 8491 4027 5344 588 1651 4030 2614 4676 382 118 632 3679 538 5770 8726 4264 1926 6388 5556 8186 4589 8189 1257 1222 1440 5628 5810 4258 4651 16 2239 7727 3947 6719 3132 901 9387 4001 2731 4202 6608 4758 6601 3802 8454 6948 264 4022 1328 1654 9447 2781 5913 1291 1752 4895 513 8876 3761 5704 9730 9523 2903 392 1151 3371 8873 7866 6084 9829 4236 4128 9134 7093 6241 1095 2611 5358 1751 2284 4719 6668 3696 4966 4492 1358 8286 5433 8918 7279 5123 3663 5422 9559 9875 9441 773 1502 4940 8959 9515 8917 8268 850 414 7449 674 7887 9321 5098 4099 6659 7370 1040 48 2728 6305 8622 4193 6861 5908 2360 3469 2102 8517 2067 7798 4548 7057 8817 5913 9227 1932 9500 8008 8968 3949 7355 3121 8347 870 9397 2679 4441 8140 1705 1301 5431 3577 8528 1827 9715 3210 3363 6411 7230 5418 4919 1413 6827 5086 2956 7224 1882 8078 3523 3765 6907 6006 1711 2515 6400 5944 7967 1943 2939 9163 3574 773 1616 3383 4793 1441 8442 380 7449 2819 7873 8367 8110 4937 779 7250 7403 6156 3270 7009 6990 107 5648 7040 9930 205 2608 55 705 4343 9971 144 5527 3289 9775 4653 7797 6570 9037 5960 144 6842 7510 656 4659 9216 1571 4586 241 449 4877 7443 1852 6153 1837 656 9426 7281 6287 8373 3232 3801 9596 523 1158 7509 8975 2285 4489 9433 4388 7927 1738 6441 3602 1504 7766 4852 4971 4283 2561 9118 6667 5842 2615 5207 1548 2177 6765 5448 8756 6685 700 9580 1590 1160 5542 4906 8033 4862 5770 9347 4784 9041 6576 9269 7359 1223 1785 6715 154 8230 1664 3480 3652 1882 3707 7935 8102 7236 4069 3206 1942 7594 2917 1648 6919 1869 2373 7581 8287 6766 598 7266 7072 5475 7459 7493 3585 1512 3024 2020 7832 916 4674 3214 2192 245 3949 4611 7816 1168 4632 8597 4977 4787 5585 8430 377 4955 4220 1651 5718 355 5479 486 2543 9953 7244 3704 5988 1170 2508 7564 9467 8094 879 390 5688 9636 7535 3807 499 1591 7762 9298 5987 1040 2324 4714 2301 5613 6473 4437 1908 2930 6199 7360 7968 6222 1534 4417 3725 1024 7063 1076 7881 2638 9521 1760 3609 8046 2337 4781 8018 8851 9764 6055 835 1383 2823 5553 5404 4784 1808 4779 32 8194 590 4749 5688 5383 8984 6456 9171 1939 103 8059 9994 1158 4150 2437 4612 7506 7092 4151 3438 9834 7492 2968 2525 9159 2873 4539 1565 6783 9417 1161 8282 3749 1368 992 3426 3812 8484 4783 8780 4855 482 9441 2825 4636 6792 3584 3389 302 9004 4869 6425 5661 5487 8739 6550 3623 9098 9363 4749 1616 4513 9201 8773 8305 5891 492 2204 852 239 411 955 5772 3161 2913 5335 782 3067 547 2771 2195 8901 146 5555 9536 1417 111 3990 7673 5262 1717 6466 9997 4804 484 5406 7231 4904 5455 8486 9480 9955 3403 5865 6965 5696 6850 8769 8367 3955 9399 8173 3920 5842 726 2187 176 5179 1446 9935 1138 8225 6560 4895 7423 274 5307 7833 2937 8596 2530 2179 4574 3326 3273 2742 4371 981 7635 5287 8756 6085 4825 418 7298 6531 6474 3758 9826 239 2721 906 4524 1482 4992 3231 8672 3368 9118 6236 6474 7836 4716 5127 4471 924 5953 2444 4593 5224 8954 4611 745 1252 3778 1815 5188 2269 9549 7889 9198 4082 1859 7170 9758 1364 89 1823 829 4889 3130 9521 7223 1002 4612 4434 7993 1550 7282 3918 6478 7912 5701 4510 5160 8536 4858 5621 7036 1568 8471 8589 6557 9288 5031 6743 2797 1387 1106 919 7484 9746 8700 7143 1445 9069 5518 8170 1577 7274 3874 4380 7858 3035 9302 1256 6226 6583 7710 7296 26 8815 5479 210 1650 5356 9309 7474 4434 9373 1146 6631 4375 3087 2602 7734 6663 8119 6908 8799 9651 7507 1663 8501 3457 7498 3263 184 3763 8195 1414 8156 6900 8285 9463 6370 9720 5369 3788 5677 4775 3510 4696 1668 6336 2394 3410 4365 5495 265 4238 9667 142 5765 4141 9868 4972 3534 5746 3198 6744 2775 2942 6492 5081 7464 3879 4635 4317 8552 1191 5540 2408 2223 7978 4423 3891 581 7173 4396 6234 5311 9815 5062 5085 1253 6122 7034 61 1662 8916 3016 6120 3547 7728 2326 6865 4114 1436 4263 6749 484 5659 5187 6502 6753 7758 4122 2304 6699 6492 2983 3103 2982 6311 3282 5341 8984 7284 6001 5789 8558 7237 6111 7769 5547 6756 8949 9938 453 1342 7404 4542 9498 723 7118 9543 625 2670 7324 8612 2869 6729 2031 6880 3282 5260 9773 255 2038 4014 7672 7189 5398 5265 6472 1553 4241 5269 9466 6583 834 5127 174 1680 6720 2685 6170 6536 4888 4727 1786 9462 2141 5106 5109 5231 1384 2493 527 714 1060 6827 1424 2669 1366 4981 7122 1959 7942 1744 6946 8746 583 1871 4305 8500 1463 8220 9506 251 2503 7516 7795 4446 7127 2949 7857 8491 2031 3558 9365 5645 8639 8381 6470 6962 5740 2517 7048 8195 5115 7760 1092 2848 198 378 7474 5940 8970 1212 7862 7597 39 3602 4762 6153 6442 3133 1404 9492 4299 6878 9380 1827 5767 1572 6548 3127 2125 5502 6593 2445 9989 2557 4198 7439 1472 9001 720 1080 1101 8555 7675 8076 7429 3349 9315 8099 3252 9229 6165 6140 3569 1894 4711 7901 8375 7952 7847 9799 1256 6162 6458 4901 298 7955 4951 5857 8341 5634 1105 3950 2968 3614 6118 3337 354 2332 7781 5915 4874 9101 4832 3613 522 3585 4141 5949 5976 7357 4203 8856 3853 4682
