100
1 1
540 600
840 900
2 0
900 1260
180 540
1 1
1439 1440
0 1
1 0
1135 1440
0 2
371 454
291 371
1 1
66 220
1090 1440
0 1
886 1440
2 0
0 1
1439 1440
2 0
1216 1440
975 1216
1 1
1156 1358
1358 1440
0 2
559 829
227 478
1 1
306 527
261 306
1 1
492 544
480 492
2 0
983 1361
1361 1440
2 0
1079 1429
0 360
0 2
1254 1327
1327 1440
1 1
705 1425
1425 1440
0 2
742 1267
1358 1440
0 2
1439 1440
0 1
0 1
154 848
1 1
562 983
983 1440
2 0
905 1240
1240 1440
1 1
890 1116
1214 1440
0 2
1316 1412
1309 1316
0 2
728 935
589 728
1 0
901 1355
2 0
1186 1440
774 1110
2 0
1239 1440
883 1239
0 2
20 117
855 988
0 1
1202 1440
0 1
1213 1440
0 2
1156 1440
620 911
2 0
1080 1430
10 360
2 0
269 375
27 154
0 1
1006 1133
0 1
846 1395
2 0
1105 1407
930 1060
2 0
1368 1440
1251 1368
0 2
936 1351
1351 1440
1 1
649 1235
1362 1440
0 2
1417 1440
336 435
2 0
1339 1361
1361 1440
0 2
730 834
554 730
2 0
1027 1293
1293 1440
0 2
787 1276
1276 1440
2 0
1344 1440
816 1344
0 2
1101 1440
1000 1101
2 0
1432 1440
938 945
1 1
693 694
694 713
2 0
958 995
995 1440
0 2
1231 1440
1008 1231
2 0
1080 1430
11 361
2 0
1272 1440
181 431
0 2
804 1098
1166 1440
0 2
200 688
688 739
0 1
1322 1440
0 2
493 568
1205 1440
2 0
948 1063
1063 1440
0 2
1299 1440
943 1299
0 2
64 145
1395 1440
0 2
1314 1440
901 1314
1 1
656 1096
1096 1440
2 0
212 717
1240 1440
0 2
1080 1440
0 360
2 0
1233 1440
824 1233
2 0
1204 1440
838 1204
0 2
540 900
179 539
0 2
1049 1440
731 1049
2 0
867 1120
1120 1440
1 0
1362 1440
2 0
784 874
874 1111
0 2
180 540
541 901
0 2
11 361
1080 1440
0 2
768 1332
1332 1440
2 0
286 892
1115 1185
0 2
180 540
540 900
2 0
1079 1429
10 360
2 0
1364 1440
413 978
0 2
300 508
508 866
2 0
616 840
1430 1440
1 1
369 544
544 1140
2 0
77 188
188 743
1 0
855 1440
2 0
766 804
804 1440
0 2
1080 1440
10 360
0 1
1411 1440
2 0
1341 1384
1385 1440
1 1
0 1
1439 1440
2 0
877 998
998 1440
0 2
617 815
815 979
1 0
987 1388
0 1
1431 1440
0 2
1079 1440
705 715
0 1
122 372
0 2
1034 1374
426 792
2 0
1086 1161
600 1086
1 0
99 683
0 2
1271 1431
27 217
2 0
1080 1430
0 360
2 0
1424 1440
1340 1424
